0 27
1 27
2 27
3 27
4 27
5 27
6 27
7 27
8 27
9 27
10 27
11 27
12 27
13 27
14 27
15 27
16 29
17 30
18 31
19 34
20 34
21 34
22 34
23 4
24 5
25 5
26 5
27 5
28 22
29 22
30 22
31 17
32 6
33 8
34 9
35 21
36 21
37 21
38 12
39 12
40 13
41 13
42 29
43 29
44 29
45 29
46 30
47 30
48 34
49 34
50 34
51 1
52 4
53 5
54 5
55 5
56 5
57 5
58 5
59 22
60 22
61 22
62 6
63 7
64 8
65 9
66 21
67 21
68 12
69 12
70 26
71 24
72 24
73 24
74 24
75 24
76 25
77 25
78 25
79 25
80 25
81 25
82 25
83 25
84 25
85 25
86 25
87 25
88 25
89 25
90 25
91 25
92 25
93 25
94 25
95 25
96 25
97 25
98 26
99 26
100 26
101 26
102 26
103 26
104 26
105 26
106 26
107 26
108 26
109 26
110 26
111 26
112 26
113 29
114 29
115 30
116 30
117 30
118 30
119 30
120 30
121 30
122 30
123 30
124 31
125 31
126 32
127 32
128 32
129 32
130 32
131 32
132 32
133 32
134 32
135 32
136 32
137 32
138 32
139 32
140 32
141 32
142 32
143 33
144 33
145 33
146 33
147 33
148 33
149 33
150 33
151 33
152 33
153 33
154 33
155 33
156 33
157 33
158 33
159 33
160 33
161 33
162 33
163 33
164 33
165 34
166 34
167 34
168 34
169 34
170 34
171 34
172 34
173 4
174 4
175 2
176 2
177 2
178 2
179 2
180 2
181 2
182 2
183 2
184 3
185 3
186 3
187 3
188 3
189 3
190 3
191 3
192 4
193 4
194 4
195 1
196 1
197 1
198 1
199 1
200 1
201 1
202 1
203 1
204 1
205 1
206 1
207 1
208 1
209 1
210 5
211 2
212 2
213 2
214 2
215 2
216 3
217 3
218 3
219 3
220 3
221 4
222 4
223 5
224 5
225 5
226 4
227 1
228 1
229 2
230 2
231 2
232 2
233 2
234 2
235 2
236 2
237 2
238 2
239 2
240 2
241 2
242 2
243 2
244 2
245 2
246 2
247 3
248 3
249 3
250 3
251 3
252 3
253 3
254 3
255 3
256 3
257 1
258 4
259 4
260 4
261 4
262 4
263 4
264 4
265 4
266 4
267 4
268 4
269 5
270 5
271 5
272 5
273 5
274 5
275 5
276 5
277 1
278 5
279 5
280 5
281 1
282 22
283 22
284 22
285 22
286 22
287 22
288 22
289 22
290 22
291 22
292 22
293 22
294 22
295 22
296 17
297 17
298 17
299 17
300 17
301 17
302 17
303 17
304 17
305 17
306 17
307 17
308 6
309 6
310 6
311 6
312 6
313 6
314 6
315 6
316 6
317 6
318 6
319 6
320 7
321 7
322 7
323 7
324 7
325 15
326 15
327 7
328 7
329 15
330 7
331 7
332 7
333 7
334 7
335 7
336 7
337 7
338 7
339 7
340 7
341 7
342 7
343 7
344 7
345 7
346 7
347 7
348 15
349 15
350 15
351 8
352 8
353 8
354 8
355 15
356 8
357 8
358 8
359 8
360 8
361 8
362 8
363 15
364 8
365 8
366 8
367 8
368 8
369 8
370 8
371 8
372 8
373 8
374 8
375 10
376 10
377 10
378 10
379 10
380 10
381 10
382 10
383 10
384 10
385 10
386 10
387 10
388 10
389 10
390 10
391 10
392 11
393 11
394 11
395 11
396 11
397 11
398 11
399 11
400 11
401 11
402 11
403 11
404 9
405 9
406 15
407 9
408 9
409 9
410 15
411 12
412 19
413 21
414 21
415 21
416 21
417 21
418 21
419 21
420 21
421 21
422 12
423 12
424 12
425 12
426 12
427 15
428 12
429 15
430 12
431 12
432 12
433 12
434 12
435 12
436 12
437 13
438 13
439 13
440 13
441 13
442 13
443 13
444 13
445 13
446 13
447 13
448 13
449 13
450 13
451 13
452 13
453 13
454 13
455 13
456 13
457 13
458 13
459 13
460 13
461 15
462 14
463 16
464 16
465 14
466 14
467 34
468 33
469 27
470 29
471 30
472 30
473 34
474 34
475 3
476 17
477 17
478 6
479 9
480 20
481 21
482 25
483 25
484 25
485 27
486 27
487 29
488 34
489 2
490 4
491 5
492 2
493 17
494 11
495 11
496 9
497 9
498 21
499 24
500 27
501 29
502 29
503 33
504 33
505 33
506 33
507 33
508 33
509 33
510 33
511 34
512 34
513 34
514 34
515 2
516 3
517 3
518 4
519 4
520 5
521 22
522 22
523 17
524 7
525 11
526 21
527 21
528 21
529 12
530 12
531 15
532 29
533 1
534 1
535 1
536 2
537 3
538 3
539 1
540 3
541 3
542 1
543 1
544 1
545 4
546 5
547 17
548 21
549 21
550 21
551 13
552 26
553 26
554 4
555 4
556 4
557 5
558 22
559 22
560 17
561 17
562 21
563 21
564 13
565 14
566 16
567 28
568 28
569 28
570 28
571 28
572 28
573 28
574 28
575 28
576 23
577 23
578 23
579 23
580 23
581 23
582 23
583 23
584 23
585 23
586 23
587 23
588 23
589 23
590 23
591 23
592 24
593 24
594 24
595 24
596 24
597 24
598 24
599 24
600 29
601 30
602 30
603 30
604 30
605 30
606 31
607 32
608 32
609 32
610 4
611 5
612 22
613 22
614 17
615 17
616 17
617 7
618 7
619 8
620 8
621 8
622 8
623 8
624 11
625 9
626 9
627 19
628 20
629 21
630 21
631 15
632 12
633 12
634 12
635 14
636 15
637 14
638 14
639 28
640 23
641 23
642 23
643 23
644 23
645 23
646 23
647 23
648 23
649 23
650 23
651 23
652 23
653 23
654 24
655 24
656 24
657 24
658 24
659 24
660 24
661 29
662 29
663 29
664 30
665 30
666 30
667 30
668 30
669 30
670 30
671 30
672 30
673 30
674 32
675 32
676 32
677 32
678 32
679 32
680 32
681 32
682 33
683 33
684 34
685 34
686 34
687 4
688 4
689 5
690 5
691 5
692 22
693 22
694 22
695 22
696 17
697 17
698 17
699 17
700 17
701 6
702 6
703 7
704 7
705 7
706 15
707 7
708 8
709 8
710 15
711 8
712 10
713 11
714 11
715 11
716 15
717 9
718 18
719 19
720 20
721 20
722 20
723 21
724 21
725 15
726 12
727 12
728 13
729 15
730 14
731 15
732 15
733 14
734 15
735 28
736 28
737 28
738 28
739 28
740 28
741 28
742 23
743 23
744 24
745 24
746 24
747 24
748 30
749 30
750 30
751 30
752 30
753 32
754 32
755 32
756 32
757 32
758 33
759 34
760 34
761 1
762 1
763 5
764 22
765 22
766 17
767 17
768 17
769 6
770 6
771 7
772 8
773 15
774 8
775 8
776 11
777 15
778 18
779 19
780 20
781 20
782 20
783 20
784 21
785 21
786 12
787 12
788 14
789 15
790 15
791 15
792 15
793 28
794 28
795 24
796 24
797 24
798 24
799 24
800 24
801 24
802 30
803 30
804 30
805 31
806 32
807 32
808 34
809 34
810 5
811 5
812 22
813 22
814 8
815 8
816 9
817 19
818 19
819 12
820 14
821 14
822 28
823 24
824 24
825 8
826 24
827 26
828 26
829 29
830 22
831 17
832 12
833 13
834 13
835 13
836 13
837 13
838 13
839 13
840 13
841 13
842 13
843 27
844 7
845 11
846 9
847 28
848 28
849 28
850 27
851 26
852 29
853 34
854 34
855 22
856 10
857 26
858 24
859 24
860 25
861 25
862 25
863 25
864 25
865 26
866 26
867 26
868 26
869 26
870 26
871 26
872 26
873 26
874 26
875 26
876 26
877 26
878 26
879 26
880 26
881 30
882 30
883 30
884 30
885 30
886 30
887 32
888 32
889 32
890 32
891 32
892 33
893 34
894 34
895 34
896 34
897 34
898 34
899 34
900 5
901 3
902 3
903 3
904 4
905 4
906 4
907 5
908 5
909 5
910 5
911 5
912 22
913 22
914 17
915 17
916 17
917 6
918 7
919 7
920 7
921 10
922 10
923 10
924 11
925 11
926 15
927 21
928 21
929 12
930 12
931 12
932 12
933 28
934 28
935 28
936 27
937 27
938 29
939 29
940 29
941 29
942 29
943 29
944 29
945 29
946 29
947 29
948 29
949 29
950 34
951 3
952 3
953 3
954 5
955 5
956 5
957 3
958 22
959 22
960 22
961 17
962 17
963 17
964 6
965 11
966 11
967 9
968 9
969 9
970 9
971 21
972 21
973 21
974 21
975 21
976 21
977 15
978 13
979 14
980 9
981 27
982 27
983 27
984 27
985 27
986 27
987 27
988 27
989 27
990 27
991 27
992 27
993 27
994 27
995 30
996 34
997 34
998 3
999 5
1000 5
1001 22
1002 21
1003 21
1004 21
1005 21
1006 13
1007 13
1008 14
1009 28
1010 4
